name: leetcode
channels:
  - conda-forge
  - defaults
dependencies:
  - atomicwrites=1.4.0=pyh9f0ad1d_0
  - attrs=21.4.0=pyhd8ed1ab_0
  - bzip2=1.0.8=h8ffe710_4
  - ca-certificates=2021.10.8=h5b45459_0
  - colorama=0.4.4=pyh9f0ad1d_0
  - iniconfig=1.1.1=pyh9f0ad1d_0
  - libffi=3.4.2=h8ffe710_5
  - libzlib=1.2.11=h8ffe710_1013
  - openssl=3.0.0=h8ffe710_2
  - packaging=21.3=pyhd8ed1ab_0
  - pip=21.3.1=pyhd8ed1ab_0
  - pluggy=1.0.0=py310h5588dad_2
  - py=1.11.0=pyh6c4a22f_0
  - pyparsing=3.0.7=pyhd8ed1ab_0
  - pytest=6.2.5=py310h5588dad_2
  - python=3.10.2=hcf16a7b_0_cpython
  - python_abi=3.10=2_cp310
  - setuptools=60.5.0=py310h5588dad_0
  - sqlite=3.37.0=h8ffe710_0
  - tk=8.6.11=h8ffe710_1
  - toml=0.10.2=pyhd8ed1ab_0
  - tzdata=2021e=he74cb21_0
  - ucrt=10.0.20348.0=h57928b3_0
  - vc=14.2=hb210afc_6
  - vs2015_runtime=14.29.30037=h902a5da_6
  - wheel=0.37.1=pyhd8ed1ab_0
  - xz=5.2.5=h62dcd97_1
prefix: C:\Users\edgor\anaconda3\envs\leetcode
